1
1
0 3 40 40 0 0 3 40 40 958 688 2 30
1
0
0 8 22 22 0 0 8 22 22 274 1158 3 23
1
1
0 4 15 15 0 0 4 15 15 886 1803 11 0
1
1
0 4 11 11 0 0 4 11 11 28 1972 10 14
1
1
0 5 1 1 0 0 5 1 1 414 1744 3 16
1
1
0 5 0 0 0 0 5 0 0 754 1063 6 25
0
0
1
1
0 1 10 10 0 0 1 10 10 719 503 11 3
0
0
1
1
0 8 13 13 0 0 8 13 13 314 2009 7 20
1
1
0 8 12 12 0 0 8 12 12 410 230 5 27
0
0
1
1
0 3 14 14 0 0 3 14 14 781 1804 5 29
0
0
1
1
0 8 19 19 0 0 8 19 19 482 1544 5 19
1
1
0 3 17 17 0 0 3 17 17 32 823 10 6
1
1
0 0 16 16 0 0 0 16 16 963 1213 9 28
0
0
1
1
0 6 18 18 0 0 6 18 18 442 1928 8 2
0
0
1
1
0 4 20 20 0 0 4 20 20 218 1826 1 17
1
1
0 7 2 2 0 0 7 2 2 93 689 8 25
0
0
1
1
0 4 21 21 0 0 4 21 21 218 756 10 11
0
0
1
1
0 3 33 33 0 0 3 33 33 970 279 1 26
1
1
0 1 3 3 0 0 1 3 3 182 491 8 26
1
1
0 8 24 24 0 0 8 24 24 843 87 0 13
1
1
0 7 23 23 0 0 7 23 23 317 1332 5 27
0
0
1
0
0 8 26 26 0 0 8 26 26 115 1020 11 15
1
1
0 3 25 25 0 0 3 25 25 772 1516 4 27
0
0
1
1
0 1 28 28 0 0 1 28 28 687 923 8 8
1
0
0 1 27 27 0 0 1 27 27 427 1999 4 1
0
0
1
0
0 1 29 29 0 0 1 29 29 632 1795 9 24
0
0
1
1
0 8 31 31 0 0 8 31 31 5 1109 0 17
1
1
0 8 30 30 0 0 8 30 30 353 139 11 10
0
0
1
1
0 8 32 32 0 0 8 32 32 974 707 2 27
0
0
1
1
0 8 37 37 0 0 8 37 37 133 1389 7 15
1
1
0 6 35 35 0 0 6 35 35 493 800 4 6
1
1
0 8 34 34 0 0 8 34 34 528 1070 11 13
0
0
1
1
0 8 36 36 0 0 8 36 36 867 906 9 26
0
0
1
1
0 3 39 39 0 0 3 39 39 119 1951 8 19
1
1
0 8 38 38 0 0 8 38 38 722 82 6 27
0
0
1
1
0 6 4 4 0 0 6 4 4 837 431 10 22
0
0
1
0
0 0 60 60 0 0 0 60 60 959 1791 3 29
1
1
0 3 53 53 0 0 3 53 53 8 1755 6 3
1
1
0 3 5 5 0 0 3 5 5 39 1860 7 22
1
1
0 6 44 44 0 0 6 44 44 743 648 3 25
1
0
0 3 42 42 0 0 3 42 42 435 1248 1 4
1
1
0 4 41 41 0 0 4 41 41 918 268 1 25
0
0
1
1
0 7 43 43 0 0 7 43 43 730 714 5 0
0
0
1
0
0 5 46 46 0 0 5 46 46 251 1305 11 6
1
1
0 4 45 45 0 0 4 45 45 489 1701 0 13
0
0
1
1
0 2 48 48 0 0 2 48 48 169 536 2 27
1
0
0 0 47 47 0 0 0 47 47 198 1720 4 16
0
0
1
0
0 4 49 49 0 0 4 49 49 899 495 7 3
0
0
1
1
0 8 51 51 0 0 8 51 51 231 1635 1 3
1
1
0 9 50 50 0 0 9 50 50 540 1449 7 30
0
0
1
1
0 8 52 52 0 0 8 52 52 437 1095 4 7
0
0
1
1
0 3 57 57 0 0 3 57 57 581 1560 6 23
1
1
0 1 55 55 0 0 1 55 55 979 613 11 4
1
1
0 6 54 54 0 0 6 54 54 811 914 3 5
0
0
1
1
0 7 56 56 0 0 7 56 56 792 1481 10 9
0
0
1
1
0 5 59 59 0 0 5 59 59 768 1820 1 14
1
1
0 1 58 58 0 0 1 58 58 796 1612 9 15
0
0
1
1
0 1 6 6 0 0 1 6 6 598 1958 1 2
0
0
1
1
0 8 77 77 0 0 8 77 77 332 1752 0 8
1
0
0 1 7 7 0 0 1 7 7 884 1768 7 5
1
1
0 8 64 64 0 0 8 64 64 897 1757 3 23
1
1
0 9 62 62 0 0 9 62 62 352 1802 11 15
1
1
0 9 61 61 0 0 9 61 61 912 806 2 10
0
0
1
1
0 4 63 63 0 0 4 63 63 689 1311 7 23
0
0
1
1
0 9 66 66 0 0 9 66 66 802 1200 7 20
1
1
0 9 65 65 0 0 9 65 65 982 609 3 3
0
0
1
1
0 1 68 68 0 0 1 68 68 741 1009 2 28
1
0
0 0 67 67 0 0 0 67 67 442 387 10 5
0
0
1
0
0 1 69 69 0 0 1 69 69 116 994 4 2
0
0
1
1
0 0 73 73 0 0 0 73 73 682 198 8 9
1
1
0 3 71 71 0 0 3 71 71 66 1329 9 4
1
1
0 3 70 70 0 0 3 70 70 627 955 2 12
0
0
1
1
0 9 72 72 0 0 9 72 72 757 1072 8 2
0
0
1
1
0 2 75 75 0 0 2 75 75 64 1679 9 12
1
1
0 7 74 74 0 0 7 74 74 689 1653 2 3
0
0
1
1
0 6 76 76 0 0 6 76 76 122 968 5 26
0
0
1
0
0 9 85 85 0 0 9 85 85 267 1652 2 22
1
1
0 7 81 81 0 0 7 81 81 659 867 5 0
1
1
0 6 8 8 0 0 6 8 8 696 1168 7 1
1
1
0 7 78 78 0 0 7 78 78 223 1094 0 14
0
1
0
0 1 79 79 0 0 1 79 79 768 1260 11 25
0
0
1
1
0 3 80 80 0 0 3 80 80 490 555 4 27
0
0
1
1
0 8 83 83 0 0 8 83 83 607 791 8 5
1
1
0 7 82 82 0 0 7 82 82 864 930 10 18
0
0
1
1
0 0 84 84 0 0 0 84 84 928 1565 9 19
0
0
1
1
0 8 89 89 0 0 8 89 89 85 1561 5 9
1
1
0 0 87 87 0 0 0 87 87 661 360 4 0
1
1
0 0 86 86 0 0 0 86 86 485 189 8 21
0
0
1
1
0 7 88 88 0 0 7 88 88 34 1792 10 4
0
0
1
0
0 5 92 92 0 0 5 92 92 984 1656 5 4
1
1
0 2 90 90 0 0 2 90 90 1 1644 10 18
1
1
0 2 9 9 0 0 2 9 9 677 1619 11 5
0
0
1
1
0 5 91 91 0 0 5 91 91 546 166 11 21
0
0
1
1
0 3 94 94 0 0 3 94 94 899 1146 7 20
1
1
0 2 93 93 0 0 2 93 93 920 443 11 19
0
0
1
0
0 2 96 96 0 0 2 96 96 442 876 4 6
1
1
0 2 95 95 0 0 2 95 95 883 1869 8 18
0
0
1
1
0 7 98 98 0 0 7 98 98 603 205 8 30
1
0
0 9 97 97 0 0 9 97 97 51 395 5 18
0
0
1
0
0 9 99 99 0 0 9 99 99 895 729 7 12
0
0
